N = 20
Time: 0.120022 s
Objval: 96
Time: 0.122727 s
Objval: 96
Time: 0.124803 s
Objval: 96
Time: 0.124682 s
Objval: 96
Time: 0.122559 s
Objval: 96
