200
0		106		76		44		127		78		102		94		90		166		108		118		156		73		147		70		76		61		46		121		116		28		102		42		63		77		134		123		71		131		113		81		138		56		128		148		141		112		147		179		42		82		73		164		71		64		167		71		144		37		118		57		126		161		118		70		115		91		74		118		71		56		57		142		164		155		51		187		57		123		73		110		135		125		146		132		129		81		124		163		111		108		77		62		155		166		116		38		123		95		144		100		149		57		206		59		85		38		60		129		147		103		125		54		118		123		37		39		101		60		121		121		121		114		90		126		100		127		126		117		29		87		104		127		73		99		105		70		34		120		73		145		120		147		94		146		63		57		161		42		84		79		109		155		119		184		80		125		56		160		105		49		112		34		10		104		174		172		111		124		125		34		22		137		114		10		7		61		104		76		144		109		142		4		71		93		160		51		78		117		83		152		124		29		29		120		121		147		47		34		163		111		87		117		101		14		103		55		149		134
106		0		106		72		147		28		122		114		90		272		134		224		136		165		127		176		134		45		60		101		222		78		208		136		43		183		80		229		93		111		133		187		118		54		148		128		247		166		253		159		148		120		53		58		177		126		61		35		38		69		224		109		106		141		98		176		119		197		134		78		159		162		145		162		144		135		157		167		73		229		179		18		241		215		40		238		59		135		144		143		33		72		105		44		135		60		136		118		229		67		250		122		129		163		186		59		143		72		158		23		253		209		187		116		16		17		133		71		101		84		141		141		101		220		196		20		120		109		146		97		135		67		124		233		143		137		13		36		140		140		39		39		140		161		110		166		43		101		267		72		76		185		215		135		99		164		94		81		76		266		15		155		190		138		116		124		160		66		189		186		49		120		118		183		220		106		113		91		84		182		124		215		122		104		169		157		266		71		62		223		189		152		144		77		81		226		53		183		71		102		269		149		69		223		121		92		119		51		43		154
76		106		0		120		203		78		178		170		146		166		184		118		80		59		71		70		28		83		100		97		116		68		102		34		75		99		134		123		147		55		189		81		62		52		204		72		141		60		147		103		112		158		69		164		113		140		167		71		144		69		118		19		66		85		90		132		39		91		28		118		147		102		39		218		88		79		79		111		33		123		89		110		135		109		146		132		129		29		200		87		111		108		1		62		79		166		192		114		123		95		144		176		73		57		130		115		37		38		136		129		147		103		81		130		118		123		39		115		25		22		197		197		45		114		90		126		176		51		202		97		83		55		180		127		37		31		105		86		72		196		95		145		196		71		18		222		89		133		161		34		132		79		109		79		81		108		150		125		132		160		105		113		84		110		66		180		98		172		83		80		125		42		54		77		114		86		73		15		30		110		68		119		66		80		63		169		160		127		44		117		83		76		200		101		47		120		121		77		35		110		163		187		125		117		25		78		27		55		149		210
44		72		120		0		83		84		58		50		56		200		64		152		200		117		191		104		120		37		20		165		150		52		136		86		45		111		144		157		27		175		69		115		182		100		84		192		175		156		181		223		76		48		117		130		105		54		133		63		110		51		152		101		170		205		162		104		159		125		118		142		87		90		101		98		208		199		85		231		101		157		107		82		169		169		112		166		123		125		80		207		97		136		121		66		199		132		72		46		157		131		178		56		193		91		250		25		129		82		86		95		181		137		169		44		84		89		81		5		145		104		77		77		165		148		124		92		56		171		82		161		63		131		60		161		117		143		71		36		68		76		39		111		76		191		138		102		31		29		195		86		50		113		147		199		163		228		46		145		12		194		79		83		156		66		54		60		218		138		155		168		113		78		66		181		148		34		47		105		148		110		188		143		186		40		115		85		194		15		122		151		117		196		80		19		73		154		117		191		91		30		197		77		53		157		145		42		147		67		115		90
127		147		203		83		0		167		25		33		71		185		47		165		283		200		274		133		203		120		103		248		231		135		185		169		128		104		227		142		56		258		14		182		265		183		15		275		198		239		166		306		91		45		200		179		90		63		160		146		145		134		137		184		253		288		245		89		242		126		201		225		72		101		184		23		291		282		124		314		184		142		114		165		222		252		127		225		206		208		5		290		180		219		204		149		282		177		27		89		238		214		163		35		276		160		333		88		212		165		71		150		196		144		252		73		163		146		164		88		228		187		18		12		248		193		193		149		27		254		7		244		120		214		23		146		200		226		134		117		131		23		108		126		9		274		221		31		114		70		180		169		71		150		230		282		246		311		61		228		71		189		162		90		239		93		137		37		301		157		238		251		196		161		149		264		141		117		130		188		231		95		271		128		269		123		198		70		179		76		205		234		186		279		3		102		156		147		200		274		174		93		184		62		78		240		228		125		230		150		156		27
78		28		78		84		167		0		142		134		110		244		148		196		116		137		107		148		106		47		64		81		194		50		180		108		39		155		60		201		111		91		153		159		98		26		168		108		219		138		225		139		120		122		33		86		149		104		89		21		66		41		196		81		86		121		78		148		91		169		106		58		131		134		117		182		124		115		129		147		45		201		151		32		213		187		68		210		51		107		164		123		33		52		77		18		115		88		156		90		201		47		222		140		109		135		166		79		115		44		130		51		225		181		159		94		40		45		105		79		73		56		161		161		81		192		168		48		140		87		166		77		107		47		144		205		115		109		33		50		112		160		59		67		160		133		82		186		53		97		239		44		96		157		187		115		79		144		114		61		96		238		27		127		162		110		88		144		134		94		161		158		47		92		90		155		192		78		85		63		64		154		104		187		102		76		141		133		238		91		38		195		161		124		164		65		53		198		43		155		43		74		241		151		89		195		93		64		91		23		71		174
102		122		178		58		25		142		0		8		88		168		30		140		258		175		249		108		178		95		78		223		206		110		160		144		103		79		202		125		31		233		11		157		240		158		32		250		173		214		149		281		66		20		175		162		73		38		165		121		142		109		120		159		228		263		220		72		217		101		176		200		55		76		159		40		266		257		99		289		159		125		89		140		197		227		144		200		181		183		22		265		155		194		179		124		257		164		44		64		213		189		146		18		251		135		308		63		187		140		54		127		171		119		227		48		138		121		139		63		203		162		35		19		223		168		168		124		26		229		24		219		95		189		36		129		175		201		109		92		106		18		83		143		18		249		196		44		89		45		163		144		82		125		205		257		221		286		78		203		46		164		137		65		214		68		112		20		276		170		213		226		171		136		124		239		116		92		105		163		206		78		246		111		244		98		173		53		162		51		180		209		161		254		22		77		131		122		175		249		149		68		165		45		85		215		203		100		205		125		147		32
94		114		170		50		33		134		8		0		86		170		32		132		250		167		241		100		170		87		70		215		198		102		152		136		95		81		194		127		23		225		19		149		232		150		34		242		165		206		151		273		58		18		167		160		75		30		163		113		140		101		122		151		220		255		212		74		209		95		168		192		57		68		151		48		258		249		91		281		151		127		81		132		189		219		142		192		173		175		30		257		147		186		171		116		249		162		42		56		205		181		148		20		243		127		300		55		179		132		56		125		163		111		219		40		130		119		131		55		195		154		33		27		215		160		160		122		24		221		32		211		87		181		34		131		167		193		101		84		98		26		75		141		26		241		188		52		81		37		165		136		80		117		197		249		213		278		76		195		40		164		129		57		206		60		104		22		268		168		205		218		163		128		116		231		118		84		97		155		198		80		238		113		236		90		165		55		164		45		172		201		153		246		30		69		123		124		167		241		141		60		167		47		83		207		195		92		197		117		145		40
90		90		146		56		71		110		88		86		0		256		118		208		226		149		217		160		146		63		46		191		206		78		192		120		71		167		170		213		77		201		77		171		208		126		58		218		231		182		237		249		132		104		143		122		161		110		103		89		88		77		208		127		196		231		188		160		185		181		144		168		143		146		129		94		234		225		141		257		127		213		163		108		225		199		68		222		149		151		76		233		123		162		147		92		225		120		46		102		213		157		234		106		219		147		276		31		155		108		142		93		237		193		195		100		106		89		117		55		171		130		53		83		191		204		180		92		62		197		64		187		119		157		52		217		143		169		77		60		124		94		51		57		80		217		164		102		57		85		251		112		14		169		199		225		189		254		10		171		46		250		105		139		182		122		100		108		244		100		181		194		139		104		102		207		204		90		97		131		174		166		214		199		212		88		153		141		250		41		148		207		173		222		72		61		99		210		143		217		117		86		253		133		21		207		171		76		173		93		99		98
166		272		166		200		185		244		168		170		256		0		138		48		238		107		145		96		138		227		212		263		80		194		64		136		229		89		300		47		179		179		179		85		206		218		200		192		47		106		19		183		124		152		235		330		95		146		333		237		310		203		48		163		232		163		256		96		153		75		138		284		113		110		127		166		146		231		115		163		199		65		93		276		71		101		312		74		295		137		180		185		277		274		167		228		229		332		212		154		87		261		22		150		189		109		182		225		129		200		114		295		45		63		101		156		284		289		139		201		171		188		203		173		209		52		76		292		194		163		192		263		137		221		204		39		129		135		271		236		132		162		239		311		176		123		162		170		229		171		23		200		250		87		79		141		247		182		246		291		210		38		271		117		88		134		156		148		150		338		87		100		291		152		154		113		52		166		159		181		196		90		192		67		196		168		103		117		14		215		210		83		83		128		184		195		191		46		287		123		201		170		33		135		253		89		151		180		153		221		315		158
108		134		184		64		47		148		30		32		118		138		0		146		264		181		255		114		184		101		84		229		212		116		166		150		109		85		208		95		41		239		41		163		246		164		62		256		179		220		125		287		72		26		181		192		71		44		195		127		172		115		98		165		234		269		226		52		223		107		182		206		37		82		165		34		272		263		105		295		165		95		95		146		203		233		174		206		187		189		42		271		161		200		185		130		263		194		74		70		219		195		116		12		257		141		314		87		193		146		48		157		177		125		233		54		146		151		145		69		209		168		65		35		229		174		174		154		56		235		54		225		101		195		66		121		181		207		133		98		112		24		101		173		38		255		202		38		95		51		155		150		112		131		211		263		227		292		108		209		72		170		143		71		220		74		118		10		282		200		219		232		177		142		130		245		122		98		111		169		212		74		252		81		250		104		179		23		146		77		186		215		167		260		46		83		137		128		181		255		155		74		165		15		115		221		209		106		211		131		177		26
118		224		118		152		165		196		140		132		208		48		146		0		190		59		109		48		90		179		164		215		66		146		20		88		181		61		252		61		131		131		151		37		158		170		166		144		33		74		29		141		76		120		187		282		75		102		285		189		262		155		48		115		184		123		208		94		105		39		90		236		109		64		79		180		126		183		67		149		151		79		51		228		57		87		264		60		247		89		162		137		229		226		119		180		181		284		164		106		73		213		34		138		141		61		168		177		81		152		98		247		31		21		87		108		236		241		91		153		123		140		159		159		161		28		28		244		146		115		164		215		89		173		156		25		81		87		223		188		84		158		191		263		158		109		114		184		181		123		43		152		202		39		65		117		199		146		198		243		162		42		223		75		74		86		108		142		136		290		73		86		243		104		106		99		24		118		111		133		148		72		144		81		148		120		55		131		42		167		162		69		35		114		162		147		143		18		239		109		153		122		45		149		205		75		103		132		105		173		267		172
156		136		80		200		283		116		258		250		226		238		264		190		0		131		93		150		100		163		180		35		188		148		174		114		155		179		62		195		227		59		269		153		32		100		284		46		213		132		219		55		192		238		83		104		193		220		123		137		138		149		190		99		30		75		38		212		85		163		100		58		227		182		111		298		92		7		159		79		99		197		169		118		207		181		158		204		77		101		280		53		103		64		79		134		9		106		272		194		195		69		216		256		49		129		88		195		109		118		216		133		219		175		153		210		120		137		119		195		67		96		277		277		35		186		162		134		256		75		282		39		163		69		260		199		109		103		149		166		152		276		175		169		276		127		76		302		169		213		233		114		212		151		181		97		37		56		230		55		212		232		121		193		156		190		146		260		126		126		155		152		87		122		134		149		186		166		153		95		52		190		46		199		42		160		135		249		232		207		78		189		155		118		280		181		127		192		83		149		109		190		235		267		205		189		87		158		85		133		127		290
73		165		59		117		200		137		175		167		149		107		181		59		131		0		74		67		31		120		105		156		57		87		43		31		122		96		193		96		144		72		186		22		99		111		201		85		82		39		88		106		109		155		128		223		110		137		226		130		203		96		83		56		125		88		149		129		46		74		31		177		144		99		20		215		91		124		76		114		92		114		86		169		76		52		205		73		188		30		197		90		170		167		60		121		122		225		189		111		64		154		85		173		82		40		133		118		22		93		133		188		88		56		52		127		177		182		36		112		64		81		194		194		102		55		31		185		173		56		199		156		80		114		177		68		22		28		164		129		69		193		132		204		193		74		55		219		122		130		102		93		143		50		50		82		140		111		147		184		129		101		164		110		39		107		63		177		101		231		38		51		184		45		51		64		59		83		70		74		89		107		85		116		89		77		4		166		101		124		103		58		24		79		197		98		84		61		180		74		94		107		104		184		146		58		44		75		46		114		208		207
147		127		71		191		274		107		249		241		217		145		255		109		93		74		0		141		71		154		171		118		95		139		89		105		146		170		155		170		218		34		260		92		61		91		275		47		120		39		130		38		183		229		90		185		184		211		188		128		165		140		157		90		87		18		111		203		32		148		73		139		218		173		90		289		17		86		150		40		90		188		160		131		114		88		167		111		150		66		271		40		132		129		70		125		84		187		263		185		102		116		143		247		44		114		59		186		62		109		207		150		126		130		60		201		139		144		110		186		46		87		268		268		64		93		81		147		247		20		273		118		154		76		251		134		74		48		140		157		143		267		166		166		267		34		53		293		160		204		140		105		203		124		88		8		102		37		221		146		203		139		126		184		63		181		137		251		33		193		62		59		146		113		125		56		133		157		144		86		51		181		47		190		51		151		76		240		139		198		69		96		88		25		271		172		118		127		142		56		100		181		142		258		196		96		46		149		44		124		170		281
70		176		70		104		133		148		108		100		160		96		114		48		150		67		141		0		70		131		116		167		98		98		52		40		133		29		204		53		83		125		119		49		132		122		134		142		71		106		77		173		42		88		139		234		43		70		237		141		214		107		48		67		136		155		160		62		109		21		68		188		77		32		51		148		158		149		19		181		103		53		19		180		89		119		216		92		199		75		130		157		181		178		71		132		149		236		122		58		105		165		74		106		143		27		200		129		79		104		66		199		77		33		119		60		188		193		43		105		95		92		127		127		115		60		60		196		106		121		132		167		41		125		110		57		67		93		175		140		36		126		143		215		126		141		88		152		133		75		91		104		154		17		97		149		151		178		150		195		114		90		175		43		106		40		60		110		168		242		105		118		195		56		58		131		44		70		63		85		100		40		138		49		136		72		65		99		90		119		114		101		53		146		130		99		95		50		191		141		105		74		93		117		157		107		95		84		97		125		219		140
76		134		28		120		203		106		178		170		146		138		184		90		100		31		71		70		0		89		100		125		88		68		74		34		91		99		162		99		147		55		189		53		68		80		204		72		113		36		119		103		112		158		97		192		113		140		195		99		172		69		90		25		94		85		118		132		39		77		2		146		147		102		19		218		88		93		79		111		61		117		89		138		107		81		174		104		157		5		200		87		139		136		29		90		91		194		192		114		95		123		116		176		73		43		130		115		9		62		136		157		119		75		53		130		146		151		39		115		33		50		197		197		71		86		62		154		176		51		202		125		83		83		180		99		9		23		133		98		72		196		101		173		196		71		24		222		91		133		133		62		132		53		81		79		109		108		150		153		132		132		133		113		56		110		66		180		98		200		55		52		153		42		54		61		86		86		73		43		58		110		68		119		66		80		35		169		132		127		72		89		55		76		200		101		53		92		149		71		63		110		135		187		125		89		25		78		27		83		177		210
61		45		83		37		120		47		95		87		63		227		101		179		163		120		154		131		89		0		17		128		177		33		163		91		8		138		107		184		64		138		106		142		145		63		121		155		202		121		208		186		103		75		80		103		132		81		106		26		83		24		179		64		133		168		125		131		122		152		89		105		114		117		100		135		171		162		112		194		64		184		134		49		196		170		85		193		86		90		117		170		60		99		84		29		162		105		109		73		184		94		205		93		156		118		213		32		98		45		113		68		208		164		142		71		57		62		88		32		108		67		114		114		128		175		151		65		93		134		119		124		90		94		97		188		98		106		44		9		95		113		12		84		113		154		101		139		6		56		222		49		49		140		170		162		126		191		67		108		49		221		44		110		145		93		71		97		181		111		144		141		76		75		73		144		175		61		68		68		111		137		151		170		149		59		124		112		221		44		85		178		144		159		117		32		36		181		80		154		54		57		224		104		42		178		108		47		110		30		88		127
46		60		100		20		103		64		78		70		46		212		84		164		180		105		171		116		100		17		0		145		162		32		148		76		25		123		124		169		47		155		89		127		162		80		104		172		187		136		193		203		88		60		97		118		117		66		121		43		98		31		164		81		150		185		142		116		139		137		98		122		99		102		85		118		188		179		97		211		81		169		119		64		181		155		100		178		103		105		100		187		77		116		101		46		179		120		92		58		169		111		190		76		173		103		230		15		109		62		98		83		193		149		149		56		72		77		73		15		125		84		97		97		145		160		136		80		76		151		102		141		75		111		80		173		97		123		59		24		80		96		27		99		96		171		118		122		17		41		207		66		38		125		155		179		143		208		50		125		32		206		59		95		136		78		56		80		198		126		135		148		93		60		58		161		160		46		53		85		128		122		168		155		166		44		109		97		206		27		102		163		129		176		100		17		53		166		97		171		71		42		209		89		41		163		125		32		127		47		103		110
121		101		97		165		248		81		223		215		191		263		229		215		35		156		118		167		125		128		145		0		213		113		199		127		120		174		37		220		192		84		234		178		57		65		249		71		238		157		244		80		157		203		48		69		168		185		88		102		103		114		215		100		31		100		7		177		110		188		125		23		192		153		136		263		117		34		148		104		64		220		170		83		232		206		123		229		42		126		245		78		68		29		96		99		34		71		237		159		220		34		241		221		74		154		113		160		134		83		181		98		244		200		178		175		85		102		124		160		92		75		242		242		54		211		187		99		221		100		247		4		128		42		225		224		134		128		114		131		131		241		140		134		241		152		101		267		134		178		258		79		177		176		206		122		16		81		195		28		177		257		86		158		181		155		111		225		151		91		180		177		52		111		109		174		211		131		118		82		67		173		71		206		67		125		160		214		257		172		53		214		180		143		245		146		92		217		48		174		74		155		260		232		170		214		112		123		110		98		92		255
116		222		116		150		231		194		206		198		206		80		212		66		188		57		95		98		88		177		162		213		0		144		46		86		179		127		250		127		175		129		217		49		156		168		232		142		33		56		87		133		140		186		185		280		141		168		283		187		260		153		114		113		182		113		206		160		103		105		88		234		175		130		77		246		96		181		107		109		149		145		117		226		19		21		262		16		245		87		228		135		227		224		117		178		179		282		220		142		7		211		100		204		139		71		102		175		79		150		164		245		35		87		35		158		234		239		89		151		121		138		225		225		159		38		38		242		204		113		230		213		111		171		208		91		79		85		221		186		100		224		189		261		224		61		112		250		179		161		57		150		200		81		7		91		197		132		196		241		160		44		221		141		32		138		106		208		70		288		33		36		241		102		104		39		90		116		109		131		146		138		142		147		146		118		53		197		66		165		160		3		45		70		228		145		141		84		237		43		151		138		47		215		203		9		101		130		103		171		265		238
28		78		68		52		135		50		110		102		78		194		116		146		148		87		139		98		68		33		32		113		144		0		130		58		35		105		106		151		79		123		121		109		130		48		136		140		169		104		175		171		70		90		65		136		99		72		139		43		116		9		146		49		118		153		110		98		107		119		66		90		81		84		67		150		156		147		79		179		49		151		101		82		163		137		118		160		101		73		132		155		83		84		69		34		147		138		124		46		151		79		172		108		141		85		198		47		77		30		80		101		175		131		117		62		90		95		55		47		93		52		129		129		113		142		118		98		108		119		134		109		57		79		112		155		65		91		77		42		62		128		45		117		128		139		86		154		35		65		189		34		64		107		137		147		111		176		82		97		64		188		77		77		112		60		38		112		166		144		111		116		97		42		40		129		142		28		35		53		96		104		136		137		134		26		91		101		188		59		70		145		111		144		132		33		21		148		93		139		39		42		191		119		59		145		93		14		95		27		121		142
102		208		102		136		185		180		160		152		192		64		166		20		174		43		89		52		74		163		148		199		46		130		0		72		165		81		236		81		129		115		171		21		142		154		186		128		39		54		45		121		94		140		171		266		95		122		269		173		246		139		68		99		168		103		192		114		89		59		74		220		129		84		63		200		106		167		61		129		135		99		71		212		37		67		248		40		231		73		182		121		213		210		103		164		165		268		174		96		53		197		54		158		125		45		148		161		65		136		118		231		45		41		67		112		220		225		75		137		107		124		179		179		145		12		12		228		158		99		184		199		73		157		162		45		65		71		207		172		68		178		175		247		178		89		98		204		165		115		59		136		186		35		45		97		183		126		182		227		146		58		207		95		54		92		92		162		116		274		53		66		227		88		90		79		44		102		95		117		132		92		128		101		132		104		39		151		58		151		146		49		19		94		182		131		127		38		223		89		137		106		61		169		189		55		87		116		89		157		251		192
42		136		34		86		169		108		144		136		120		136		150		88		114		31		105		40		34		91		76		127		86		58		72		0		93		65		164		93		113		89		155		51		96		82		170		106		111		70		117		137		78		124		99		194		79		106		197		101		174		67		88		27		96		119		120		98		73		61		32		148		113		68		15		184		122		113		45		145		63		93		55		140		105		83		176		102		159		39		166		121		141		138		35		92		113		196		158		80		93		125		114		142		107		27		164		89		43		64		102		159		117		73		83		96		148		153		5		81		59		52		163		163		79		84		60		156		142		85		168		127		49		85		146		97		31		57		135		100		38		162		103		175		162		105		52		188		93		99		131		64		114		49		79		113		111		142		116		155		98		130		135		79		70		76		32		146		132		202		69		82		155		16		20		95		84		52		39		45		62		76		102		85		100		46		33		135		130		93		74		87		53		110		166		67		55		90		151		105		65		76		133		153		117		87		59		44		61		85		179		176
63		43		75		45		128		39		103		95		71		229		109		181		155		122		146		133		91		8		25		120		179		35		165		93		0		140		99		186		72		130		114		144		137		55		129		147		204		123		210		178		105		83		72		101		134		83		104		18		81		26		181		66		125		160		117		133		114		154		91		97		116		119		102		143		163		154		114		186		56		186		136		47		198		172		83		195		78		92		125		162		52		91		76		21		154		103		117		75		186		86		207		101		148		120		205		40		100		37		115		66		210		166		144		73		55		60		90		40		100		59		122		122		120		177		153		63		101		126		127		116		92		86		105		190		100		98		42		11		97		121		20		82		121		146		93		147		14		58		224		41		57		142		172		154		118		183		75		100		57		223		42		112		147		95		73		105		173		109		146		143		68		77		75		140		177		63		70		60		103		139		143		172		141		61		126		114		223		52		77		180		146		151		125		34		38		183		72		146		46		59		226		112		50		180		100		49		102		22		86		135
77		183		99		111		104		155		79		81		167		89		85		61		179		96		170		29		99		138		123		174		127		105		81		65		140		0		211		46		90		154		90		78		161		129		111		171		94		135		70		202		35		63		146		241		14		57		244		148		221		114		41		80		149		184		167		33		138		22		97		195		48		21		80		119		187		178		26		210		110		46		10		187		118		148		223		121		206		104		101		186		188		185		100		139		178		243		123		65		134		172		67		77		172		56		229		136		108		111		37		206		92		40		148		67		195		200		60		112		124		99		114		98		144		89		89		203		105		150		103		174		48		132		115		50		96		122		182		147		43		97		150		222		97		170		117		123		140		82		84		111		161		46		126		178		158		207		157		202		121		85		182		28		135		45		67		81		197		249		134		147		202		63		65		160		37		77		70		92		127		11		167		32		165		79		94		70		83		126		121		130		82		175		101		106		102		43		198		170		112		81		86		88		164		136		124		91		126		132		226		111
134		80		134		144		227		60		202		194		170		300		208		252		62		193		155		204		162		107		124		37		250		106		236		164		99		211		0		257		171		121		213		215		94		82		228		108		275		194		281		117		176		182		65		48		205		164		67		81		82		97		252		137		68		137		44		204		147		225		162		16		187		190		173		242		154		69		185		141		101		257		207		62		269		243		102		266		21		163		224		115		47		26		133		78		71		50		216		146		257		39		278		200		111		191		150		139		171		100		186		77		281		237		215		154		64		81		161		139		129		112		221		221		91		248		224		78		200		137		226		37		163		79		204		261		171		165		93		110		168		220		119		113		220		189		138		246		113		157		295		100		156		213		243		159		53		118		174		9		156		294		65		183		218		166		144		204		188		70		217		214		31		148		146		211		248		134		141		119		104		210		108		243		104		132		197		193		294		151		90		251		217		180		224		125		109		254		27		211		99		134		297		211		149		251		149		120		147		79		71		234
123		229		123		157		142		201		125		127		213		47		95		61		195		96		170		53		99		184		169		220		127		151		81		93		186		46		257		0		136		154		136		78		163		175		157		171		94		135		40		202		81		109		192		287		52		103		290		194		267		160		13		120		189		184		213		53		138		32		97		241		70		67		84		119		187		188		72		210		156		18		50		233		118		148		269		121		252		104		137		186		234		231		124		185		186		289		169		111		134		218		27		107		172		66		229		182		108		157		71		252		92		40		148		113		241		246		96		158		128		145		160		130		166		89		89		249		151		150		149		220		94		178		161		36		96		122		228		193		89		119		196		268		133		170		119		123		186		128		70		157		207		46		126		178		204		207		203		248		167		85		228		74		135		91		113		105		197		295		134		147		248		109		111		160		37		123		116		138		153		47		167		20		165		125		94		72		61		172		167		130		82		175		141		152		148		43		244		170		158		127		80		88		210		136		124		137		126		178		272		115
71		93		147		27		56		111		31		23		77		179		41		131		227		144		218		83		147		64		47		192		175		79		129		113		72		90		171		136		0		202		42		126		209		127		57		219		154		183		160		250		55		27		144		151		84		33		154		90		131		78		131		128		197		232		189		83		186		104		145		169		66		69		128		71		235		226		68		258		128		136		86		109		166		196		133		169		150		152		53		234		124		163		148		93		226		153		45		33		182		158		157		29		220		104		277		46		156		109		65		116		160		116		196		23		107		110		108		32		172		131		50		50		192		137		137		113		29		198		55		188		64		158		33		140		144		170		92		61		75		49		60		132		49		218		165		75		58		14		174		113		71		94		174		226		190		255		67		172		31		173		106		62		183		45		81		33		245		159		182		195		140		105		93		208		127		61		74		132		175		89		215		122		213		67		142		64		173		36		149		178		130		223		53		46		100		133		144		218		118		37		176		56		74		184		172		69		174		94		136		63
131		111		55		175		258		91		233		225		201		179		239		131		59		72		34		125		55		138		155		84		129		123		115		89		130		154		121		154		202		0		244		94		27		75		259		17		154		73		160		48		167		213		58		151		168		195		154		112		131		124		141		74		53		30		77		187		26		132		57		105		202		157		74		273		33		52		134		56		74		172		144		97		148		122		133		145		116		50		255		32		98		95		54		109		50		153		247		169		136		82		157		231		18		98		75		170		50		93		191		116		160		116		94		185		105		112		94		170		30		71		252		252		30		127		103		113		231		16		257		84		138		44		235		140		58		44		124		141		127		251		150		144		251		68		37		277		144		188		174		89		187		108		122		38		68		53		205		112		187		173		96		168		97		165		121		235		67		159		96		93		112		97		109		90		127		141		128		70		27		165		13		174		17		135		76		224		173		182		53		130		96		59		255		156		102		133		108		90		84		165		176		242		180		130		30		133		28		108		136		265
113		133		189		69		14		153		11		19		77		179		41		151		269		186		260		119		189		106		89		234		217		121		171		155		114		90		213		136		42		244		0		168		251		169		21		261		184		225		160		292		77		31		186		165		84		49		154		132		131		120		131		170		239		274		231		83		228		112		187		211		66		87		170		29		277		268		110		300		170		136		100		151		208		238		133		211		192		194		11		276		166		205		190		135		268		163		33		75		224		200		157		29		262		146		319		74		198		151		65		136		182		130		238		59		149		132		150		74		214		173		24		8		234		179		179		135		15		240		13		230		106		200		25		140		186		212		120		103		117		17		94		132		7		260		207		33		100		56		174		155		71		136		216		268		232		297		67		214		57		175		148		76		225		79		123		31		287		159		224		237		182		147		135		250		127		103		116		174		217		89		257		122		255		109		184		64		173		62		191		220		172		265		11		88		142		133		186		260		160		79		176		56		74		226		214		111		216		136		142		21
81		187		81		115		182		159		157		149		171		85		163		37		153		22		92		49		53		142		127		178		49		109		21		51		144		78		215		78		126		94		168		0		121		133		183		107		60		57		66		124		91		137		150		245		92		119		248		152		225		118		65		78		147		106		171		111		68		56		53		199		126		81		42		197		109		146		58		132		114		96		68		191		54		70		227		51		210		52		179		108		192		189		82		143		144		247		171		93		56		176		63		155		104		24		151		140		44		115		115		210		66		38		70		109		199		204		54		116		86		103		176		176		124		33		11		207		155		78		181		178		62		136		159		46		44		50		186		151		51		175		154		226		175		92		77		201		144		112		80		115		165		32		48		100		162		129		161		206		125		79		186		92		57		89		71		159		119		253		56		69		206		67		69		82		41		81		74		96		111		89		107		98		111		83		18		148		79		130		125		52		4		97		179		110		106		39		202		92		116		89		82		166		168		58		66		95		68		136		230		189
138		118		62		182		265		98		240		232		208		206		246		158		32		99		61		132		68		145		162		57		156		130		142		96		137		161		94		163		209		27		251		121		0		82		266		14		181		100		187		41		174		220		65		124		175		202		127		119		120		131		158		81		26		43		50		194		53		139		68		78		209		164		81		280		60		25		141		49		81		179		151		100		175		149		140		172		89		69		262		25		85		68		61		116		23		126		254		176		163		55		184		238		17		105		68		177		77		100		198		115		187		143		121		192		102		119		101		177		37		78		259		259		17		154		130		116		238		43		264		57		145		51		242		167		77		71		131		148		134		258		157		151		258		95		44		284		151		195		201		96		194		119		149		65		41		46		212		85		194		200		103		175		124		172		128		242		94		132		123		120		85		104		116		117		154		148		135		77		34		172		14		181		10		142		103		231		200		189		60		157		123		86		262		163		109		160		81		117		91		172		203		249		187		157		55		140		53		115		109		272
56		54		52		100		183		26		158		150		126		218		164		170		100		111		91		122		80		63		80		65		168		48		154		82		55		129		82		175		127		75		169		133		82		0		184		92		193		112		199		123		94		138		17		112		123		120		115		37		92		49		170		55		70		105		62		122		65		143		80		66		127		108		91		198		108		99		103		131		19		175		125		58		187		161		94		184		77		81		180		107		59		56		51		34		99		114		172		94		175		43		196		156		93		109		150		95		89		18		116		77		199		155		133		110		66		71		79		95		47		30		177		177		65		166		142		74		156		71		182		61		81		31		160		179		89		83		53		66		86		176		75		93		176		107		56		202		69		113		213		18		112		131		161		99		63		128		130		73		112		212		53		101		136		90		62		160		118		120		135		132		73		66		64		129		166		66		59		37		48		128		88		161		86		60		115		149		212		107		22		169		135		98		180		81		27		172		69		129		17		90		215		167		105		169		67		58		65		33		97		190
128		148		204		84		15		168		32		34		58		200		62		166		284		201		275		134		204		121		104		249		232		136		186		170		129		111		228		157		57		259		21		183		266		184		0		276		199		240		181		307		92		48		201		180		105		64		161		147		146		135		152		185		254		289		246		104		243		127		202		226		87		102		185		38		292		283		125		315		185		157		115		166		223		253		126		226		207		209		20		291		181		220		205		150		283		178		12		90		239		215		178		50		277		161		334		89		213		166		86		151		197		145		253		74		164		147		165		89		229		188		7		27		249		194		194		150		28		255		8		245		121		215		24		161		201		227		135		118		132		38		109		115		24		275		222		46		115		71		195		170		72		151		231		283		247		312		54		229		72		194		163		91		240		94		138		52		302		158		239		252		197		162		150		265		148		118		131		189		232		110		272		143		270		124		199		85		194		77		206		235		187		280		16		103		157		154		201		275		175		94		197		77		79		241		229		126		231		151		157		42
148		128		72		192		275		108		250		242		218		192		256		144		46		85		47		142		72		155		172		71		142		140		128		106		147		171		108		171		219		17		261		107		14		92		276		0		167		86		173		31		184		230		75		138		185		212		141		129		130		141		158		91		40		29		64		204		39		149		74		92		219		174		91		290		46		39		151		39		91		189		161		110		161		135		150		158		103		67		272		15		95		82		71		126		37		140		264		186		149		69		170		248		3		115		58		187		63		110		208		125		173		131		107		202		112		129		111		187		47		88		269		269		27		140		116		126		248		29		274		71		155		61		252		153		75		57		141		158		144		268		167		161		268		81		54		294		161		205		187		106		204		125		135		51		55		36		222		99		204		186		113		185		110		182		138		252		80		146		109		106		99		114		126		103		140		158		145		87		44		182		4		191		6		152		89		241		186		199		70		143		109		72		272		173		119		146		95		103		101		182		189		259		197		143		47		150		45		125		123		282
141		247		141		175		198		219		173		165		231		47		179		33		213		82		120		71		113		202		187		238		33		169		39		111		204		94		275		94		154		154		184		60		181		193		199		167		0		81		54		158		107		153		210		305		108		135		308		212		285		178		81		138		207		138		231		127		128		72		113		259		142		97		102		213		121		206		90		134		174		112		84		251		24		54		287		27		270		112		195		160		252		249		142		203		204		307		187		129		40		236		67		171		164		84		135		200		104		175		131		270		6		54		60		131		259		264		114		176		146		163		192		192		184		27		51		267		171		138		197		238		112		196		179		58		104		110		246		211		107		191		214		286		191		86		137		217		204		146		24		175		225		62		32		116		222		157		221		266		185		19		246		108		57		109		131		175		103		313		58		61		266		127		129		66		57		141		134		156		171		105		167		114		171		143		78		164		33		190		185		36		58		95		195		170		166		51		262		76		176		145		22		182		228		42		126		155		128		196		290		205
112		166		60		156		239		138		214		206		182		106		220		74		132		39		39		106		36		121		136		157		56		104		54		70		123		135		194		135		183		73		225		57		100		112		240		86		81		0		95		77		148		194		129		224		149		176		227		131		204		105		122		57		126		57		150		168		47		113		38		178		183		138		55		254		52		125		115		75		93		153		125		170		75		49		206		72		189		31		236		79		171		168		61		122		123		226		228		150		63		155		108		212		83		79		94		151		27		94		172		189		87		95		21		166		178		183		75		151		65		82		233		233		103		54		46		186		212		57		238		157		119		115		216		99		39		29		165		130		108		232		133		205		232		35		56		258		125		169		101		94		168		89		49		43		141		76		186		185		168		100		165		149		24		146		102		216		62		232		23		20		185		78		90		25		98		122		109		75		90		146		86		155		90		116		41		205		100		163		104		57		53		40		236		137		85		92		181		35		95		146		103		223		161		57		45		114		47		115		209		246
147		253		147		181		166		225		149		151		237		19		125		29		219		88		130		77		119		208		193		244		87		175		45		117		210		70		281		40		160		160		160		66		187		199		181		173		54		95		0		164		105		133		216		311		76		127		314		218		291		184		29		144		213		144		237		77		134		56		119		265		94		91		108		159		147		212		96		170		180		58		74		257		78		108		293		81		276		118		161		166		258		255		148		209		210		313		193		135		94		242		13		131		170		90		189		206		110		181		95		276		52		44		108		137		265		270		120		182		152		169		184		154		190		49		57		273		175		144		173		244		118		202		185		20		110		116		252		217		113		143		220		292		157		130		143		163		210		152		30		181		231		68		86		138		228		167		227		272		191		45		252		98		95		115		137		129		157		319		94		107		272		133		135		120		33		147		140		162		177		71		173		60		177		149		84		110		21		196		191		90		64		135		165		176		172		27		268		130		182		151		40		128		234		96		132		161		134		202		296		151
179		159		103		223		306		139		281		273		249		183		287		141		55		106		38		173		103		186		203		80		133		171		121		137		178		202		117		202		250		48		292		124		41		123		307		31		158		77		164		0		215		261		106		147		216		243		150		160		161		172		189		122		53		20		73		235		64		180		105		101		250		205		122		321		37		48		182		24		122		220		192		141		152		126		181		149		112		98		303		16		126		91		102		157		46		149		295		217		140		92		175		279		30		146		33		218		94		141		239		156		164		162		98		233		143		160		142		218		78		119		300		300		58		131		113		157		279		52		305		80		186		92		283		166		106		80		172		189		175		299		198		192		299		72		85		325		192		236		178		137		235		156		126		42		64		5		253		108		235		177		144		216		101		213		169		283		71		155		100		97		110		145		157		94		165		189		176		118		75		213		35		222		37		183		108		272		177		230		101		134		120		63		303		204		150		159		106		94		132		213		180		290		228		134		78		181		76		156		150		313
42		148		112		76		91		120		66		58		132		124		72		76		192		109		183		42		112		103		88		157		140		70		94		78		105		35		176		81		55		167		77		91		174		94		92		184		107		148		105		215		0		46		111		206		29		28		209		113		186		79		76		93		162		197		154		28		151		49		110		160		35		14		93		106		200		191		33		223		93		81		31		152		131		161		188		134		171		117		88		199		153		150		113		104		191		208		88		30		147		137		102		64		185		69		242		101		121		76		24		171		105		61		161		32		160		165		73		77		137		96		85		85		157		102		102		168		70		163		90		153		29		123		80		85		109		135		147		112		40		84		115		187		84		183		130		110		105		47		119		78		126		59		139		191		155		220		122		167		86		118		147		7		148		10		46		68		210		214		147		160		167		70		58		173		72		42		39		97		140		34		180		67		178		44		107		57		118		91		114		143		95		188		88		71		67		78		163		183		83		46		121		75		129		149		137		56		139		97		191		98
82		120		158		48		45		122		20		18		104		152		26		120		238		155		229		88		158		75		60		203		186		90		140		124		83		63		182		109		27		213		31		137		220		138		48		230		153		194		133		261		46		0		155		178		57		18		181		101		158		89		104		139		208		243		200		56		197		81		156		180		39		56		139		60		246		237		79		269		139		109		69		124		177		207		160		180		161		163		42		245		135		174		159		104		237		180		60		44		193		169		130		18		231		115		288		73		167		120		38		143		151		99		207		28		132		137		119		49		183		142		51		39		203		148		148		140		42		209		44		199		75		169		52		113		155		181		119		84		86		38		87		159		38		229		176		64		77		25		147		124		98		105		185		237		201		266		94		183		58		146		119		45		194		48		92		22		256		186		193		206		151		116		104		219		100		72		85		143		186		62		226		95		224		78		153		37		146		63		160		189		141		234		42		57		111		106		155		229		129		48		149		29		101		195		183		80		185		105		163		52
73		53		69		117		200		33		175		167		143		235		181		187		83		128		90		139		97		80		97		48		185		65		171		99		72		146		65		192		144		58		186		150		65		17		201		75		210		129		216		106		111		155		0		95		140		137		98		54		75		66		187		72		53		88		45		139		82		160		97		49		144		125		108		215		91		82		120		114		36		192		142		41		204		178		77		201		60		98		197		90		42		39		68		51		82		97		189		111		192		26		213		173		76		126		133		112		106		35		133		60		216		172		150		127		49		54		96		112		64		47		194		194		48		183		159		57		173		72		199		44		98		14		177		196		106		100		66		83		103		193		92		86		193		124		73		219		86		130		230		35		129		148		178		94		46		111		147		56		129		229		38		118		153		107		79		177		123		103		152		149		56		83		81		146		183		83		76		54		39		145		71		178		69		77		132		166		229		124		25		186		152		115		197		98		44		189		52		146		34		107		232		184		122		186		84		75		82		50		80		207
