200
0		57		209		117		109		65		222		76		206		90		195		118		218		91		185		124		55		170		18		239		72		201		144		86		28		43		111		152		73		239		90		149		215		163		78		122		181		6		36		135		212		205		174		109		19		158		42		121		135		109		46		184		192		48		93		112		75		82		257		129		203		95		70		127		216		52		151		133		168		168		86		178		230		77		36		115		79		51		53		120		99		135		95		114		76		198		118		172		62		111		111		144		74		61		96		223		199		20		135		130		98		15		156		208		69		149		178		41		130		164		14		107		221		65		95		176		164		51		145		132		88		80		138		128		159		102		146		24		157		152		114		165		195		141		50		52		191		41		111		107		188		155		98		67		112		159		44		49		16		228		200		133		66		144		63		114		225		43		66		106		218		139		114		121		219		117		116		94		172		46		103		143		184		175		43		149		187		171		198		239		104		211		189		136		116		92		10		125		276		248		142		80		12		192		74		114		98		206		19		55
57		0		152		110		128		44		215		87		199		83		138		121		211		82		178		67		112		113		75		232		25		194		87		73		29		100		102		145		62		182		83		142		208		156		37		65		124		63		93		78		155		148		167		116		44		151		49		114		78		102		103		127		135		53		100		119		68		75		250		122		146		38		101		120		159		109		94		76		111		161		79		171		173		84		45		70		86		82		46		79		92		78		84		57		123		191		75		165		23		54		104		137		67		28		45		166		142		77		128		73		155		68		149		151		126		92		171		16		123		157		71		98		164		58		88		129		157		48		138		75		81		83		81		121		104		81		139		63		100		95		107		108		138		84		57		109		134		98		100		100		181		118		41		60		55		152		79		56		41		221		193		126		123		137		18		69		168		36		25		73		161		82		67		114		162		112		123		87		165		53		76		136		177		118		88		92		130		114		141		182		47		154		182		79		85		99		67		68		219		241		135		137		47		153		57		57		91		199		72		26
209		152		0		148		280		144		145		239		103		161		104		273		105		188		128		125		264		47		227		130		137		94		111		179		181		252		208		201		168		70		225		68		162		156		143		87		28		215		245		74		65		120		61		222		196		115		193		154		74		100		255		25		39		205		206		225		214		181		144		218		10		144		253		132		31		261		86		124		41		157		225		87		87		190		197		94		192		234		162		185		158		84		114		103		275		171		91		215		147		98		238		239		211		148		151		58		60		229		110		79		307		220		165		27		278		66		169		168		225		131		223		204		62		206		196		33		117		200		122		181		195		189		71		205		50		107		113		215		52		93		131		102		80		86		187		261		22		250		98		118		127		54		111		158		111		138		231		196		193		115		165		228		275		147		146		95		16		186		143		179		21		130		95		162		26		264		229		121		63		177		182		96		99		110		240		154		32		94		67		88		105		8		86		73		191		205		219		174		67		135		107		289		199		47		135		95		187		161		224		154
117		110		148		0		132		66		105		91		89		27		134		125		101		192		68		129		116		109		105		122		85		84		115		183		113		104		212		53		172		178		77		80		98		46		147		61		120		123		111		74		151		144		109		226		98		41		159		6		74		48		107		123		131		69		210		229		66		185		140		70		142		148		105		16		155		113		90		128		107		51		77		61		169		194		81		54		196		86		64		189		18		88		34		107		127		81		57		67		133		80		90		91		63		138		155		162		138		121		38		69		159		132		39		147		130		88		61		96		77		47		111		208		160		58		48		115		47		66		28		185		47		193		77		57		98		41		35		141		96		97		17		106		134		90		167		113		130		102		50		30		71		94		103		50		115		42		83		166		101		111		83		80		127		27		128		53		164		74		85		183		157		134		53		14		158		116		233		27		85		163		186		52		67		114		92		158		126		110		137		178		71		150		72		75		195		209		119		178		215		131		41		141		129		131		53		77		39		89		136		84
109		128		280		132		0		136		135		41		177		119		266		9		203		184		152		195		70		241		97		150		143		186		215		175		105		92		204		79		164		310		55		212		118		124		149		193		252		115		103		206		283		276		241		218		90		165		151		126		206		180		99		255		263		75		202		221		66		177		156		62		274		166		39		148		287		83		222		204		239		123		55		193		301		186		83		186		188		58		118		191		122		206		166		185		33		109		189		65		133		182		42		41		69		132		167		294		270		113		170		201		49		124		115		279		60		220		111		112		55		149		103		200		292		74		84		247		163		80		158		203		85		185		209		75		230		173		167		133		228		223		149		236		266		212		159		71		262		82		182		162		153		226		169		122		183		142		65		158		93		167		115		52		55		133		134		185		296		94		137		177		289		210		185		118		290		16		225		159		217		155		178		184		181		246		66		220		258		242		269		310		175		282		194		207		187		201		111		196		347		175		173		61		121		263		145		185		93		119		128		126
65		44		144		66		136		0		171		95		155		39		130		129		167		126		134		63		120		105		83		188		19		150		79		117		47		108		146		101		106		174		81		98		164		112		81		57		116		71		101		70		147		140		123		160		52		107		93		70		70		58		111		119		127		61		144		163		70		119		206		78		138		82		109		76		151		117		86		68		103		117		81		127		165		128		53		50		130		90		18		123		48		70		40		49		131		147		53		121		67		46		94		95		67		72		89		158		134		85		84		65		163		76		105		143		134		84		127		30		81		113		79		142		156		62		52		111		113		56		94		119		51		127		73		77		94		37		95		75		92		87		63		100		130		76		101		117		126		106		56		56		137		90		37		16		49		108		87		100		49		177		149		84		131		93		62		49		160		42		19		117		153		74		49		70		154		120		167		43		121		97		120		92		133		110		96		92		122		106		133		174		39		146		138		71		129		143		75		112		211		197		91		145		63		127		13		49		47		155		80		18
222		215		145		105		135		171		0		146		42		132		213		128		68		297		37		234		183		156		210		17		190		51		220		288		218		205		317		70		277		179		132		77		17		59		252		152		121		228		216		149		174		229		106		331		203		64		264		101		167		113		212		120		148		174		315		334		147		290		35		93		139		253		152		95		152		196		195		233		146		54		136		58		196		299		186		145		301		171		169		294		123		193		131		212		146		26		140		70		238		185		111		94		148		243		260		167		169		226		87		142		162		237		66		144		173		175		44		201		92		58		216		313		171		157		127		112		58		171		77		290		134		298		162		94		111		134		76		246		125		202		108		211		189		195		272		184		131		195		115		115		34		97		208		155		220		63		178		271		206		32		22		89		168		78		233		146		161		179		190		288		154		239		148		101		155		119		338		128		82		268		291		79		46		219		179		263		141		203		176		197		176		147		59		164		300		314		224		283		212		40		80		174		234		128		158		182		124		16		241		189
76		87		239		91		41		95		146		0		136		78		225		42		162		151		111		154		37		200		64		163		102		145		174		142		72		59		171		76		131		269		14		171		139		87		108		152		211		82		70		165		242		235		200		185		57		124		118		85		165		139		66		214		222		34		169		188		25		144		181		53		233		125		14		107		246		50		181		163		198		92		14		152		260		153		42		145		155		25		77		150		81		165		125		144		36		122		148		96		92		141		35		68		28		97		126		253		229		80		129		160		68		91		80		238		39		179		102		71		54		108		70		167		251		33		43		206		122		39		117		162		44		152		168		52		189		132		126		100		187		182		108		195		225		171		126		38		221		49		141		121		112		185		128		81		142		101		32		125		60		152		124		57		36		92		93		144		255		53		96		142		248		169		144		77		249		41		192		118		176		122		145		143		140		205		33		179		217		201		228		269		134		241		153		166		154		168		78		155		306		172		132		50		88		222		104		144		52		130		95		85
206		199		103		89		177		155		42		136		0		116		197		170		26		281		25		218		167		140		194		33		174		9		204		272		202		189		301		98		261		163		122		57		59		53		236		136		105		212		200		133		158		213		64		315		187		48		248		85		151		97		196		78		132		158		299		318		131		274		51		115		97		237		150		79		124		180		179		217		130		54		122		28		180		283		170		129		285		155		153		278		107		177		115		196		172		68		124		112		222		169		135		136		132		227		244		151		153		210		71		126		204		221		62		120		175		159		66		185		122		42		200		297		155		141		111		70		42		155		61		274		118		282		146		102		95		118		60		230		109		186		92		195		173		179		256		168		115		179		99		99		24		81		192		139		204		47		162		255		190		22		62		125		172		62		217		130		119		163		174		272		112		223		132		85		113		161		322		112		40		252		275		63		22		203		163		247		125		187		160		181		160		105		17		148		284		298		208		267		170		42		64		186		218		86		142		166		108		58		225		173
90		83		161		27		119		39		132		78		116		0		147		112		128		165		95		102		103		122		78		149		58		111		96		156		86		91		185		62		145		191		64		93		125		73		120		74		133		96		84		87		164		157		122		199		71		68		132		31		87		61		94		136		144		44		183		202		53		158		167		57		155		121		92		37		168		100		103		101		120		78		64		88		182		167		54		67		169		73		37		162		9		87		47		80		114		108		70		82		106		63		77		78		50		111		128		175		151		94		51		82		146		105		66		160		117		101		88		69		64		74		84		181		173		45		35		128		74		39		55		158		34		166		90		44		111		54		56		114		109		104		30		117		147		93		140		100		143		89		63		43		98		107		76		23		88		69		70		139		74		138		110		67		114		54		101		66		177		47		58		156		170		107		66		31		171		103		206		40		98		136		159		65		94		127		79		131		139		123		150		191		56		163		99		88		168		182		92		151		228		158		54		128		102		144		26		66		26		116		109		57
195		138		104		134		266		130		213		225		197		147		0		259		209		104		176		71		250		57		213		230		123		192		51		109		167		238		104		187		122		44		211		140		206		154		117		73		92		201		231		64		39		16		165		120		182		149		179		140		60		100		241		121		65		191		134		121		200		113		248		204		114		100		239		118		73		247		44		62		67		159		211		169		35		138		183		80		144		220		148		81		144		60		100		81		261		189		77		201		133		84		224		225		197		134		99		46		44		215		126		71		293		206		151		77		264		46		169		154		211		155		209		100		42		192		182		127		155		186		136		77		181		115		57		191		102		93		137		201		88		43		117		30		24		54		173		247		82		236		98		104		179		116		97		144		83		150		217		182		179		219		191		214		261		135		132		81		106		172		129		89		125		56		81		148		130		250		125		107		163		163		92		134		175		20		226		50		72		24		37		44		91		112		180		59		87		105		205		70		81		239		133		275		185		151		121		81		173		197		210		140
118		121		273		125		9		129		128		42		170		112		259		0		196		193		145		188		79		234		106		143		136		179		208		184		114		101		213		72		173		303		48		205		111		117		148		186		245		124		112		199		276		269		234		227		99		158		160		119		199		173		108		248		256		70		211		230		59		186		149		55		267		159		48		141		280		92		215		197		232		116		48		186		294		195		82		179		197		67		111		190		115		199		159		178		42		102		182		58		134		175		35		34		62		139		160		287		263		122		163		194		58		133		108		272		69		213		104		105		48		142		112		209		285		67		77		240		156		73		151		196		78		194		202		68		223		166		160		142		221		216		142		229		259		205		168		80		255		91		175		155		146		219		162		115		176		135		74		167		102		160		108		45		64		126		129		178		289		87		130		184		282		203		178		111		283		9		234		152		210		164		187		177		174		239		75		213		251		235		262		303		168		275		187		200		196		210		120		189		340		168		166		70		130		256		138		178		86		112		137		119
218		211		105		101		203		167		68		162		26		128		209		196		0		293		51		230		187		152		206		53		186		17		216		284		214		201		313		124		273		175		148		69		85		79		248		148		117		224		212		145		170		225		44		327		199		60		260		97		163		109		208		88		144		170		311		330		143		286		47		141		95		249		176		91		136		192		191		229		142		80		148		40		192		295		182		141		297		167		165		290		119		189		127		208		198		94		136		138		234		181		161		162		144		239		256		163		165		222		83		138		230		233		88		132		201		171		92		197		148		54		212		309		167		153		123		82		54		167		73		286		130		294		158		128		107		130		72		242		121		198		104		207		185		191		268		184		127		191		111		111		50		93		204		151		216		61		174		267		202		36		88		151		198		74		229		142		103		175		186		284		86		235		144		97		87		187		334		124		46		264		287		75		34		215		175		259		137		199		172		193		172		97		29		160		296		310		220		279		144		30		76		212		230		60		154		178		120		84		237		185
91		82		188		192		184		126		297		151		281		165		104		193		293		0		260		63		146		141		109		314		107		276		77		9		79		134		20		227		20		148		165		224		290		238		45		145		176		97		127		148		123		114		249		34		94		233		75		196		130		184		137		205		149		123		30		37		150		9		332		204		198		44		145		202		157		143		102		64		151		243		161		253		139		34		111		152		40		126		128		29		174		104		166		85		157		273		157		247		59		112		186		219		149		54		37		132		128		111		210		155		189		102		231		161		160		122		253		96		205		239		105		16		130		140		170		211		239		126		220		41		163		11		135		203		186		163		221		97		172		95		189		86		108		102		69		143		166		132		182		182		263		200		89		142		77		234		119		78		91		303		275		208		157		219		64		151		190		118		107		15		209		58		149		196		214		192		41		169		247		59		12		218		259		84		122		58		156		94		121		148		121		196		264		133		25		17		101		34		185		323		217		171		81		235		139		115		173		281		106		108
185		178		128		68		152		134		37		111		25		95		176		145		51		260		0		197		146		119		173		54		153		34		183		251		181		168		280		73		240		158		97		60		34		28		215		115		100		191		179		112		137		192		89		294		166		27		227		64		130		76		175		103		111		137		278		297		110		253		72		90		122		216		125		58		135		159		158		196		109		29		99		41		159		262		149		108		264		134		132		257		86		156		94		175		147		43		103		87		201		148		110		111		111		206		223		142		132		189		50		105		179		200		37		127		150		138		41		164		97		21		179		276		140		120		90		95		21		134		40		253		97		261		125		77		78		97		39		209		88		165		71		174		152		158		235		147		110		158		78		78		3		74		171		118		183		26		141		234		169		43		37		100		147		41		196		109		144		142		153		251		137		202		111		64		138		136		301		91		65		231		254		42		29		182		142		226		106		166		139		160		139		130		42		127		263		277		187		246		195		63		43		161		197		111		121		145		87		33		204		152
124		67		125		129		195		63		234		154		218		102		71		188		230		63		197		0		179		78		142		251		52		213		20		54		96		167		83		164		51		115		140		161		227		175		46		82		113		130		160		85		88		81		186		97		111		170		108		133		67		121		170		142		86		120		81		100		129		56		269		141		135		29		168		139		94		176		39		9		88		180		140		190		106		67		112		89		73		149		77		60		111		41		103		22		190		210		94		184		62		49		153		156		126		63		28		99		75		144		147		92		222		135		168		98		193		59		190		83		142		176		138		79		97		121		111		148		176		115		157		56		110		64		72		140		123		100		158		130		109		32		126		41		71		39		102		176		103		165		119		119		200		137		26		79		14		171		146		111		108		240		212		145		190		156		61		88		127		101		58		54		146		15		86		133		151		179		104		106		184		92		57		155		196		51		155		29		93		47		74		115		58		133		201		70		66		80		134		49		152		260		154		204		114		172		76		52		110		218		139		69
55		112		264		116		70		120		183		37		167		103		250		79		187		146		146		179		0		225		37		200		127		170		199		141		83		22		166		113		128		294		51		196		176		124		133		177		236		49		33		190		267		260		225		148		68		149		81		110		190		164		29		239		247		59		132		151		50		137		218		90		258		150		31		132		271		13		206		188		223		129		47		177		285		116		67		170		118		30		102		175		106		190		150		169		37		159		173		133		117		166		72		105		53		116		151		278		254		43		154		185		43		54		117		263		14		204		139		96		91		133		41		162		276		58		68		231		147		64		142		187		69		135		193		89		214		157		151		63		212		207		133		220		250		196		89		3		246		14		166		146		149		210		153		106		167		126		33		88		71		189		161		94		15		117		118		169		280		78		121		161		273		194		169		102		274		78		155		143		201		87		158		168		165		230		24		204		242		226		253		294		159		266		178		191		171		145		45		180		331		209		157		25		65		247		129		169		77		167		58		110
170		113		47		109		241		105		156		200		140		122		57		234		152		141		119		78		225		0		188		173		98		135		64		132		142		213		161		162		121		69		186		83		149		117		96		48		35		176		206		35		42		73		108		175		157		92		154		115		35		61		216		64		22		166		159		178		175		134		191		179		57		97		214		93		46		222		39		77		10		118		186		112		60		143		158		55		145		195		123		138		119		37		75		56		236		132		52		176		108		59		199		200		172		109		104		53		29		190		71		40		268		181		126		38		239		21		130		129		186		98		184		157		51		167		157		70		98		161		83		134		156		142		32		166		45		68		80		176		31		46		92		55		33		39		148		222		25		211		59		79		122		59		72		119		64		99		192		157		154		162		134		189		236		108		107		56		55		147		104		132		68		83		56		123		73		225		182		82		106		138		135		77		118		63		201		107		17		47		28		69		66		55		123		34		144		158		180		127		106		182		76		250		160		94		96		56		148		140		185		115
18		75		227		105		97		83		210		64		194		78		213		106		206		109		173		142		37		188		0		227		90		189		162		104		46		25		129		140		91		257		78		159		203		151		96		140		199		18		18		153		230		223		188		121		31		146		54		109		153		127		28		202		210		36		105		124		63		100		245		117		221		113		58		115		234		34		169		151		186		156		74		166		248		89		30		133		91		39		65		138		87		153		113		132		64		186		136		160		80		129		99		132		62		79		114		241		217		16		123		148		80		27		144		226		51		167		166		59		118		152		6		125		239		53		83		194		152		39		133		150		76		98		156		116		177		120		134		36		175		170		102		183		213		159		62		34		209		23		129		109		176		173		116		69		130		147		32		61		34		216		188		121		48		132		81		132		243		41		84		124		236		157		132		109		237		105		128		106		164		58		121		131		172		193		31		167		205		189		216		257		122		229		177		154		134		108		14		143		294		236		130		62		28		210		92		132		86		194		31		73
239		232		130		122		150		188		17		163		33		149		230		143		53		314		54		251		200		173		227		0		207		38		237		305		235		222		334		87		294		196		149		90		32		76		269		169		138		245		233		166		191		246		91		348		220		81		281		118		184		130		229		109		165		191		332		351		164		307		18		110		124		270		169		112		157		213		212		250		163		71		153		61		213		316		203		162		318		188		186		311		140		210		148		229		163		41		157		85		255		202		128		109		165		260		277		184		186		243		104		159		179		254		83		153		190		192		61		218		109		75		233		330		188		174		144		103		75		188		94		307		151		315		179		111		128		151		93		263		142		219		125		228		206		212		289		201		148		212		132		132		51		114		225		172		237		80		195		288		223		17		39		106		185		95		250		163		146		196		207		305		139		256		165		118		140		134		355		145		67		285		308		96		55		236		196		280		158		220		193		214		193		132		50		181		317		331		241		300		197		25		97		191		251		113		175		199		141		33		258		206
72		25		137		85		143		19		190		102		174		58		123		136		186		107		153		52		127		98		90		207		0		169		72		98		44		115		127		120		87		167		88		117		183		131		62		50		109		78		108		63		140		133		142		141		59		126		74		89		63		77		118		112		120		68		125		144		77		100		225		97		131		63		116		95		144		124		79		61		96		136		88		146		158		109		60		45		111		97		25		104		67		63		59		42		138		166		50		140		48		39		101		112		74		53		70		151		127		92		103		58		170		83		124		136		141		77		146		31		98		132		86		123		149		69		63		104		132		63		113		100		58		108		66		96		87		56		114		78		85		80		82		93		123		69		82		124		119		113		75		75		156		93		26		35		40		127		94		81		56		196		168		101		138		112		43		44		153		49		6		98		146		67		42		89		147		127		148		62		140		78		101		111		152		103		103		77		115		99		126		167		32		139		157		64		110		124		82		93		204		216		110		152		62		128		32		42		66		174		87		17
201		194		94		84		186		150		51		145		9		111		192		179		17		276		34		213		170		135		189		38		169		0		199		267		197		184		296		107		256		158		131		52		68		62		231		131		100		207		195		128		153		208		55		310		182		43		243		80		146		92		191		71		127		153		294		313		126		269		56		124		88		232		159		74		119		175		174		212		125		63		131		23		175		278		165		124		280		150		148		273		102		172		110		191		181		77		119		121		217		164		144		145		127		222		239		146		148		205		66		121		213		216		71		115		184		154		75		180		131		37		195		292		150		136		106		65		37		150		56		269		113		277		141		111		90		113		55		225		104		181		87		190		168		174		251		167		110		174		94		94		33		76		187		134		199		44		157		250		185		27		71		134		181		57		212		125		110		158		169		267		103		218		127		80		104		170		317		107		31		247		270		58		17		198		158		242		120		182		155		176		155		96		12		143		279		293		203		262		161		47		59		195		213		77		137		161		103		67		220		168
144		87		111		115		215		79		220		174		204		96		51		208		216		77		183		20		199		64		162		237		72		199		0		68		116		187		97		150		71		95		160		147		213		161		66		68		99		150		180		71		68		61		172		111		131		156		128		119		53		107		190		128		72		140		95		114		149		70		255		153		121		49		188		125		80		196		25		13		74		166		160		176		86		87		132		75		93		169		97		74		97		27		89		30		210		196		80		170		82		35		173		174		146		83		48		79		55		164		133		78		242		155		154		84		213		45		176		103		160		162		158		93		77		141		131		134		162		135		143		70		130		78		58		140		109		86		144		150		95		18		112		21		51		25		122		196		89		185		105		105		186		123		46		93		32		157		166		131		128		226		198		163		210		142		81		74		113		121		78		68		132		19		72		119		137		199		118		92		170		112		71		141		182		31		175		43		79		27		54		95		44		119		187		56		80		94		154		63		132		246		140		224		134		158		70		38		122		204		159		89
86		73		179		183		175		117		288		142		272		156		109		184		284		9		251		54		141		132		104		305		98		267		68		0		70		129		29		218		13		153		156		215		281		229		36		136		167		92		122		139		126		119		240		43		85		224		70		187		121		175		132		196		140		114		27		46		141		4		323		195		189		35		136		193		148		138		93		55		142		234		152		244		144		29		102		143		35		117		119		34		165		95		157		76		152		264		148		238		50		103		177		210		140		45		28		137		119		106		201		146		184		97		222		152		155		113		244		87		196		230		100		25		135		131		161		202		230		117		211		46		154		10		126		194		177		154		212		92		163		86		180		79		109		93		64		138		157		127		173		173		254		191		80		133		68		225		110		73		82		294		266		199		152		210		55		142		181		109		98		20		200		53		140		187		205		183		50		160		238		54		17		209		250		89		117		63		147		85		112		153		112		187		255		124		30		26		96		39		190		314		208		166		76		226		130		106		164		272		101		99
28		29		181		113		105		47		218		72		202		86		167		114		214		79		181		96		83		142		46		235		44		197		116		70		0		71		99		148		59		211		86		145		211		159		50		94		153		34		64		107		184		177		170		113		15		154		46		117		107		105		74		156		164		44		97		116		71		72		253		125		175		67		72		123		188		80		123		105		140		164		82		174		202		81		32		87		83		53		49		92		95		107		87		86		94		194		90		168		34		83		107		140		70		33		68		195		171		48		131		102		126		39		152		180		97		121		174		17		126		160		42		95		193		61		91		148		160		47		141		104		84		80		110		124		131		84		142		34		129		124		110		137		167		113		54		80		163		69		103		103		184		127		70		63		84		155		50		53		12		224		196		129		94		140		35		86		197		39		38		78		190		111		86		117		191		113		120		90		168		50		75		139		180		147		59		121		159		143		170		211		76		183		185		108		88		96		38		97		248		244		138		108		18		164		60		86		94		202		43		29
43		100		252		104		92		108		205		59		189		91		238		101		201		134		168		167		22		213		25		222		115		184		187		129		71		0		154		135		116		282		73		184		198		146		121		165		224		37		11		178		255		248		213		126		56		141		59		104		178		152		7		227		235		47		110		135		58		125		240		112		246		138		53		120		259		9		194		176		211		151		69		165		273		100		55		158		96		34		90		163		94		178		138		157		59		181		161		155		105		154		94		127		57		104		139		266		242		23		142		173		55		32		139		251		32		192		161		84		113		147		29		150		264		48		78		219		147		52		130		175		71		123		181		111		202		145		139		41		200		195		121		208		238		184		67		21		234		10		154		134		171		198		141		94		155		142		27		66		59		211		183		116		37		127		106		157		268		66		109		149		261		182		157		104		262		100		133		131		189		75		146		156		167		218		26		192		230		214		241		282		147		254		172		179		159		133		33		168		319		231		145		37		53		235		117		157		81		189		36		98
111		102		208		212		204		146		317		171		301		185		104		213		313		20		280		83		166		161		129		334		127		296		97		29		99		154		0		247		40		138		185		244		310		258		65		165		196		117		147		168		143		94		269		36		114		253		95		216		150		204		157		225		169		143		50		19		170		29		352		224		218		64		165		222		177		163		122		84		171		263		181		273		121		54		131		172		60		146		148		23		194		124		186		105		177		293		177		267		79		132		206		239		169		74		57		150		148		131		230		175		209		122		251		181		180		142		273		116		225		259		125		4		146		160		190		231		259		146		240		27		183		31		155		223		206		183		241		117		192		115		209		106		128		122		89		163		186		152		202		202		283		220		109		162		97		254		139		98		111		323		295		228		177		239		84		171		210		138		127		29		229		78		169		216		234		212		23		189		267		79		26		238		279		98		142		54		176		114		141		128		141		216		284		153		17		21		121		34		171		343		237		191		101		255		159		135		193		301		126		128
152		145		201		53		79		101		70		76		98		62		187		72		124		227		73		164		113		162		140		87		120		107		150		218		148		135		247		0		207		231		62		133		63		45		182		114		173		158		146		127		204		197		162		261		133		86		194		47		127		101		142		176		184		104		245		264		77		220		105		23		195		183		82		69		208		126		143		163		160		44		66		114		222		229		116		107		231		101		99		224		53		127		87		142		76		46		110		20		168		115		41		38		78		173		190		215		191		156		91		122		106		167		36		200		103		141		32		131		24		70		146		243		213		87		57		168		84		101		79		220		64		228		130		24		151		94		88		176		149		144		70		157		187		133		202		114		183		125		103		83		74		147		138		85		150		63		108		201		136		88		48		27		98		54		163		106		217		109		120		218		210		169		106		39		211		63		268		80		138		198		221		105		102		167		109		193		179		163		190		231		106		203		115		128		230		244		154		213		268		96		94		104		164		184		88		112		54		54		171		119
73		62		168		172		164		106		277		131		261		145		122		173		273		20		240		51		128		121		91		294		87		256		71		13		59		116		40		207		0		166		145		204		270		218		25		125		156		79		109		128		139		132		229		54		74		213		57		176		110		164		119		185		129		103		38		57		130		13		312		184		178		24		125		182		143		125		82		60		131		223		141		233		157		22		91		132		24		106		108		47		154		84		146		65		139		253		137		227		39		92		166		199		129		34		23		150		126		93		190		135		171		84		211		141		142		102		233		76		185		219		87		36		148		120		150		191		219		106		200		59		143		21		115		183		166		143		201		79		152		79		169		92		122		82		51		125		146		114		162		162		243		180		69		122		57		214		99		60		71		283		255		188		139		199		44		131		170		98		87		33		189		66		129		176		194		172		61		149		227		41		30		198		239		102		104		76		136		98		125		166		101		176		244		113		43		37		83		52		203		303		197		153		63		215		119		95		153		261		88		88
239		182		70		178		310		174		179		269		163		191		44		303		175		148		158		115		294		69		257		196		167		158		95		153		211		282		138		231		166		0		255		106		192		186		161		117		58		245		275		104		27		50		131		164		226		145		223		184		104		130		285		87		47		235		178		155		244		157		214		248		80		144		283		162		39		291		88		106		71		187		255		135		17		182		227		124		188		264		192		119		188		104		144		125		305		201		121		245		177		128		268		269		241		178		143		16		40		259		140		109		337		250		195		43		308		90		199		198		255		161		253		134		18		236		226		93		147		230		152		111		225		159		101		235		80		137		143		245		82		87		161		74		44		98		217		291		48		280		128		148		157		84		141		188		127		168		261		226		223		185		195		258		305		177		176		125		72		216		173		133		91		100		125		192		96		294		159		151		129		207		136		126		141		64		270		90		52		68		41		18		135		78		146		103		123		149		249		114		37		205		137		319		229		117		165		125		217		191		254		184
90		83		225		77		55		81		132		14		122		64		211		48		148		165		97		140		51		186		78		149		88		131		160		156		86		73		185		62		145		255		0		157		125		73		120		138		197		96		84		151		228		221		186		199		71		110		132		71		151		125		80		200		208		42		183		202		15		158		167		39		219		121		28		93		232		64		167		149		184		78		4		138		246		167		54		131		169		39		63		162		67		151		111		130		50		108		134		82		106		127		21		54		16		111		128		239		215		94		115		146		82		105		66		224		53		165		88		69		40		94		84		181		237		25		29		192		108		39		103		158		30		166		154		38		175		118		112		114		173		168		94		181		211		157		140		52		207		63		127		107		98		171		114		67		128		87		46		139		74		138		110		43		50		78		101		130		241		47		82		156		234		155		130		63		235		39		206		104		162		136		159		129		126		191		47		165		203		187		214		255		120		227		139		152		168		182		92		151		292		158		118		64		102		208		90		130		38		116		109		71
149		142		68		80		212		98		77		171		57		93		140		205		69		224		60		161		196		83		159		90		117		52		147		215		145		184		244		133		204		106		157		0		94		88		179		79		48		155		177		76		101		156		29		258		130		47		191		86		94		40		187		43		75		137		242		261		146		217		108		150		62		180		185		64		75		193		122		160		73		89		157		29		123		226		129		72		228		166		96		221		90		120		58		139		207		103		67		147		165		112		170		171		143		170		187		94		96		161		42		69		239		164		97		67		210		102		101		128		157		63		155		240		98		138		128		35		49		132		54		217		127		225		89		137		38		61		45		173		52		129		63		138		116		122		199		193		58		182		42		50		59		24		135		90		147		70		163		198		133		79		97		160		207		79		160		73		84		118		117		215		77		166		75		94		78		196		265		55		23		195		218		28		35		146		172		190		68		130		103		124		103		70		40		91		227		241		151		210		135		99		39		221		161		51		85		109		119		93		168		116
215		208		162		98		118		164		17		139		59		125		206		111		85		290		34		227		176		149		203		32		183		68		213		281		211		198		310		63		270		192		125		94		0		52		245		145		134		221		209		142		167		222		123		324		196		57		257		94		160		106		205		137		145		167		308		327		140		283		42		86		156		246		145		88		169		189		188		226		139		47		129		75		189		292		179		138		294		164		162		287		116		186		124		205		139		17		133		53		231		178		104		77		141		236		253		176		162		219		80		135		155		230		59		161		166		168		37		194		85		51		209		306		174		150		120		129		51		164		70		283		127		291		155		87		112		127		69		239		118		195		101		204		182		188		265		177		144		188		108		108		35		108		201		148		213		56		171		264		199		49		15		82		161		71		226		139		178		172		183		281		171		232		141		94		172		102		331		121		99		261		284		72		63		212		172		256		140		196		169		192		169		164		76		157		293		307		217		276		229		57		73		167		227		145		151		175		117		9		234		182
163		156		156		46		124		112		59		87		53		73		154		117		79		238		28		175		124		117		151		76		131		62		161		229		159		146		258		45		218		186		73		88		52		0		193		93		128		169		157		90		159		170		117		272		144		41		205		42		108		56		153		131		139		115		256		275		88		231		94		62		150		194		97		36		163		137		136		174		115		5		77		69		177		240		127		86		242		112		110		235		64		134		72		153		119		35		81		59		179		126		82		83		89		184		201		170		146		167		46		83		151		178		9		155		122		116		15		142		69		25		157		254		168		98		68		123		39		112		34		231		75		239		103		49		106		75		43		187		104		143		49		152		142		136		213		125		138		136		58		56		29		102		149		96		161		18		119		212		147		65		37		72		119		19		174		87		172		120		131		229		165		180		89		42		166		108		279		69		93		209		232		60		57		160		120		204		134		144		145		186		117		158		70		105		241		255		165		224		223		85		49		133		175		139		99		123		65		43		182		130
78		37		143		147		149		81		252		108		236		120		117		148		248		45		215		46		133		96		96		269		62		231		66		36		50		121		65		182		25		161		120		179		245		193		0		100		131		84		114		103		134		127		204		79		65		188		62		151		85		139		124		160		114		78		63		82		105		38		287		159		153		17		122		157		138		130		73		55		106		198		116		208		152		47		66		107		49		103		83		42		129		59		121		40		144		228		112		202		16		67		141		174		104		17		18		145		121		98		165		110		176		89		186		130		147		77		208		51		160		194		92		61		143		95		125		166		194		81		175		54		118		46		90		158		141		118		176		84		127		74		144		87		117		63		56		130		121		119		137		137		218		155		44		97		34		189		100		65		62		258		230		163		144		174		19		106		147		73		62		36		164		61		104		151		169		147		86		124		202		46		39		173		214		97		109		71		111		93		120		161		76		151		219		88		48		62		88		47		198		278		172		158		68		190		94		70		128		236		93		63
122		65		87		61		193		57		152		152		136		74		73		186		148		145		115		82		177		48		140		169		50		131		68		136		94		165		165		114		125		117		138		79		145		93		100		0		59		128		158		13		90		83		104		179		109		88		112		67		15		39		168		62		70		118		163		182		127		138		187		131		81		101		166		57		94		174		43		81		46		98		138		108		108		147		110		7		149		147		75		142		71		41		27		60		188		128		12		128		86		33		151		152		124		91		108		101		77		142		65		10		220		133		86		86		191		27		108		81		138		94		136		161		99		119		109		66		94		113		75		138		108		146		16		118		41		20		76		128		35		50		44		59		73		43		120		174		69		163		37		37		118		55		56		71		68		89		144		119		106		158		130		141		188		74		81		8		103		99		56		136		96		87		8		75		97		177		186		34		102		116		139		73		114		67		153		111		65		51		76		117		24		89		119		14		148		162		132		131		154		178		72		202		112		90		48		30		100		136		137		67
181		124		28		120		252		116		121		211		105		133		92		245		117		176		100		113		236		35		199		138		109		100		99		167		153		224		196		173		156		58		197		48		134		128		131		59		0		187		217		46		53		108		73		210		168		87		165		126		46		72		227		29		27		177		194		213		186		169		156		190		22		132		225		104		35		233		74		112		25		129		197		77		75		178		169		66		180		206		134		173		130		72		86		91		247		143		63		187		119		70		210		211		183		122		139		46		48		201		82		51		279		192		137		27		250		54		141		140		197		103		195		192		50		178		168		35		89		172		94		169		167		177		43		177		22		79		85		187		24		81		103		90		68		74		159		233		10		222		70		90		99		26		87		130		99		110		203		168		165		127		137		200		247		119		118		67		44		158		115		167		37		118		67		134		38		236		217		93		71		149		170		68		83		98		212		142		20		82		55		76		77		30		88		45		179		193		191		162		95		147		79		261		171		59		107		67		159		133		196		126
6		63		215		123		115		71		228		82		212		96		201		124		224		97		191		130		49		176		18		245		78		207		150		92		34		37		117		158		79		245		96		155		221		169		84		128		187		0		30		141		218		211		180		103		25		164		36		127		141		115		40		190		198		54		87		106		81		88		263		135		209		101		76		133		222		46		157		139		174		174		92		184		236		71		42		121		73		57		59		126		105		141		101		120		82		204		124		178		68		117		117		150		80		67		102		229		205		14		141		136		92		9		162		214		63		155		184		47		136		170		12		113		227		71		101		182		170		57		151		138		94		86		144		134		165		108		152		18		163		158		120		171		201		147		44		46		197		35		117		113		194		161		104		73		118		165		50		43		22		234		206		139		60		150		69		120		231		49		72		112		224		145		120		127		225		123		110		100		178		40		109		149		190		181		49		155		193		177		204		245		110		217		195		142		122		96		4		131		282		254		148		74		16		198		80		120		104		212		13		61
36		93		245		111		103		101		216		70		200		84		231		112		212		127		179		160		33		206		18		233		108		195		180		122		64		11		147		146		109		275		84		177		209		157		114		158		217		30		0		171		248		241		206		115		49		152		52		115		171		145		10		220		228		42		99		128		69		118		251		123		239		131		64		121		252		20		187		169		204		162		80		172		266		93		48		151		87		45		83		156		93		171		131		150		70		192		154		166		98		147		105		138		68		97		132		259		235		16		135		166		62		25		150		244		43		185		172		77		124		158		22		143		257		59		89		212		158		45		139		168		82		116		174		122		195		138		140		30		193		188		114		201		231		177		58		32		227		21		147		127		182		191		134		87		148		153		38		55		52		222		194		127		48		138		99		150		261		59		102		142		254		175		150		115		255		111		124		124		182		68		139		149		178		211		37		185		223		207		234		275		140		247		183		172		152		126		26		161		312		242		138		44		46		228		110		150		92		200		25		91
135		78		74		74		206		70		149		165		133		87		64		199		145		148		112		85		190		35		153		166		63		128		71		139		107		178		168		127		128		104		151		76		142		90		103		13		46		141		171		0		77		80		101		182		122		85		119		80		18		36		181		57		57		131		166		185		140		141		184		144		68		104		179		58		81		187		46		84		33		95		151		105		95		150		123		20		152		160		88		145		84		44		40		63		201		125		17		141		89		36		164		165		137		94		111		88		64		155		62		7		233		146		91		73		204		26		105		94		151		91		149		164		86		132		122		63		91		126		72		141		121		149		13		131		38		33		73		141		24		53		57		62		60		46		123		187		56		176		34		44		115		52		59		84		71		86		157		122		119		155		127		154		201		73		84		21		90		112		69		139		83		90		21		88		84		190		189		47		99		119		142		70		111		70		166		114		52		54		63		104		31		76		116		15		151		165		145		134		141		175		69		215		125		87		61		33		113		133		150		80
212		155		65		151		283		147		174		242		158		164		39		276		170		123		137		88		267		42		230		191		140		153		68		126		184		255		143		204		139		27		228		101		167		159		134		90		53		218		248		77		0		55		126		157		199		118		196		157		77		103		258		82		26		208		151		160		217		130		209		221		75		117		256		135		34		264		61		79		44		160		228		130		22		155		200		97		161		237		165		120		161		77		117		98		278		174		94		218		150		101		241		242		214		151		116		11		13		232		113		82		310		223		168		38		281		63		172		171		228		134		226		139		9		209		199		88		120		203		125		116		198		132		74		208		63		110		116		218		55		60		134		47		17		71		190		264		43		253		101		121		140		77		114		161		100		141		234		199		196		180		168		231		278		150		149		98		67		189		146		114		86		73		98		165		91		267		164		124		124		180		117		99		136		45		243		89		33		41		14		27		108		73		141		76		126		140		222		109		64		200		110		292		202		112		138		98		190		164		227		157
205		148		120		144		276		140		229		235		213		157		16		269		225		114		192		81		260		73		223		246		133		208		61		119		177		248		94		197		132		50		221		156		222		170		127		83		108		211		241		80		55		0		181		130		192		165		189		150		70		116		251		137		81		201		144		113		210		123		264		214		130		110		249		134		89		257		54		72		83		175		221		185		33		148		193		90		154		230		158		85		154		70		110		91		271		205		89		211		143		94		234		235		207		144		109		62		60		225		142		87		303		216		163		93		274		56		185		164		221		171		219		98		58		202		192		143		171		196		152		73		191		125		67		201		118		103		153		211		104		53		127		40		40		64		183		257		98		246		114		114		195		132		107		154		93		166		227		192		189		235		207		224		271		151		142		91		122		182		139		99		141		66		91		158		146		260		117		117		179		173		102		150		191		30		236		56		88		34		53		34		101		128		196		69		89		115		215		80		83		255		149		285		195		167		131		91		183		213		220		150
