N = 40
Time: 0.825023 s
Objval: 250
Time: 0.830429 s
Objval: 250
Time: 0.818601 s
Objval: 250
Time: 0.843182 s
Objval: 250
Time: 0.821353 s
Objval: 250
